res1letter	pdb_id	resname	Structurally_corrected_score	intrinsic_score	chain	overall_id	ok	exposure_weight	solvent_exposure	SASA	contacts
G	1	GLY	-0.9144435115244106	-1.002981635660956	A	0	True	1.0	0.6028081794388752	92.08618310744146	4;5;33;34;
I	2	ILE	-0.9839557557950176	-1.001684995226895	A	1	True	1.0	0.6617671085500214	134.8248571535952	5;6;7;33;
I	3	ILE	-0.8063074041148318	-1.203061039003982	A	2	True	0.8351071712539092	0.50930894418965	103.76385402090067	6;7;8;32;33;34;
N	4	ASN	-0.22458389306703574	-0.9779772840141157	A	3	True	0.34969244589201914	0.2423308452406105	42.959685251719705	7;8;9;31;32;33;34;35;36;37;
T	5	THR	-0.5643105296716634	-0.6201414604561704	A	4	True	0.8490272703481273	0.51696499869147	84.19322986589202	0;8;9;32;33;
L	6	LEU	-0.5334127015956032	-0.5748872141230953	A	5	True	0.7089791555498908	0.4399385355524399	91.46440937539825	0;1;9;10;11;32;33;
Q	7	GLN	-0.26139072611305825	-0.5441239707082635	A	6	True	0.44335967377800417	0.29384782057790226	61.23427148024172	1;2;10;11;12;17;30;31;32;33;34;37;39;
K	8	LYS	-0.7503007162313312	-1.195757387980097	A	7	True	0.715765251067707	0.4436708880872388	109.05572403868518	1;2;3;11;12;13;15;16;17;30;31;32;33;37;38;39;
Y	9	TYR	-0.0738772652249682	-0.48396609732195456	A	8	True	0.2957478695077277	0.21266132822925024	52.3344855140537	2;3;4;12;13;14;15;32;70;
Y	10	TYR	-0.16288475355817877	-0.6672050832718609	A	9	True	0.8776084236505185	0.5326846330077851	131.09001265924817	3;4;5;13;14;15;30;31;32;39;
C	11	CYS	0.0	-0.16409951136104117	A	10	True	0.0	0.007036953358953006	1.092085198940658	5;6;14;15;16;17;29;30;31;32;33;38;39;40;41;
R	12	ARG	-0.16815542714816484	-0.4782146167126622	A	11	True	0.9031890329140752	0.5467539681027412	149.27083174284007	5;6;7;15;16;17;32;39;41;
V	13	VAL	0.15648942737388494	0.10546523838775564	A	12	True	0.6222080242995057	0.3922144133647281	69.99427043753869	6;7;8;66;69;70;
R	14	ARG	0.5259261179705333	1.0831007604323033	A	13	True	0.44018638433233026	0.2921025113827816	79.74772451964509	7;8;9;29;30;39;40;41;
G	15	GLY	1.3333667326069105	1.0776511524972379	A	14	True	0.8747440562700424	0.5311092309485232	53.17046043964166	8;9;10;29;39;40;41;42;
G	16	GLY	0.2283066186809238	0.4577723436456964	A	15	True	0.24030223678755225	0.18216623023315373	18.237043857724508	7;8;9;10;11;26;27;28;29;30;31;32;38;39;40;41;42;
R	17	ARG	0.37741767553738087	0.4098405647622753	A	16	True	0.6361919020616044	0.39990554613388235	109.1793328855404	7;10;11;22;28;29;31;32;37;38;39;40;41;42;
C	18	CYS	-0.049974849757159906	-0.48280175848682205	A	17	True	0.19952273984686414	0.15973750691577526	24.79012693702922	6;7;10;11;21;22;28;30;31;32;33;36;37;38;39;40;41;
A	19	ALA	-0.0013842594306882154	-0.556546877720698	A	18	True	0.006110992941091538	0.05336104611760035	6.913649234762325	22;23;28;31;32;36;37;38;39;40;41;
V	20	VAL	-0.5562027079988482	-1.185141875116565	A	19	True	0.9384822346134697	0.5661652290374083	101.03739384183265	32;35;36;37;38;39;
L	21	LEU	-1.6521385428648578	-2.0639124690764046	A	20	True	1.0	0.6915564959550634	143.77646271159676	36;37;38;
S	22	SER	-0.881016845834011	-1.400015751515896	A	21	True	0.9392520316236037	0.566588617392982	76.78896209120651	17;26;27;28;37;38;39;40;
C	23	CYS	-0.0032688185740711927	-0.8898264931739275	A	22	True	0.28664168035503984	0.20765292419527187	32.22625949934441	16;17;18;26;27;28;29;38;39;40;41;42;
L	24	LEU	0.46984287631719945	0.13362985905899116	A	23	True	0.8506442891098895	0.5178543590104392	107.66331944503963	18;27;28;40;41;42;43;
P	25	PRO	1.2630051785174035	1.0381278280306219	A	24	True	1.0	0.7167302993296328	118.4892080279055	42;43;
K	26	LYS	2.19779174655033	1.0227875078769142	A	25	True	1.0	0.6560169421405565	161.25106363236364	40;41;42;43;44;45;46;
E	27	GLU	0.12269524211164222	1.0283934306775415	A	26	True	0.05566800798831787	0.08061740439357483	15.82355188740911	15;21;22;40;41;42;43;44;
E	28	GLU	1.3798106592071013	1.4758042305025698	A	27	True	0.5726553647962404	0.36496045063793214	71.63429126703306	15;21;22;23;39;40;41;42;43;44;
Q	29	GLN	1.4965633851034024	1.6673000340026995	A	28	True	0.7123411469946381	0.4417876308470509	92.06310828066599	15;16;17;18;21;22;23;38;39;40;41;42;43;
I	30	ILE	0.16073805543316913	0.7374708227380941	A	29	True	0.15373050262530794	0.13455177644391936	27.41285235309133	10;13;14;15;16;22;38;39;40;41;
G	31	GLY	0.23234569272050007	0.3146398552525596	A	30	True	0.3937661711724201	0.266571394144831	26.687022067766737	6;7;9;10;13;15;17;36;37;38;39;40;41;
K	32	LYS	0.6420114008252773	-0.2649640350262617	A	31	True	0.8413992635979654	0.5127695949788809	126.04040730851284	3;6;7;9;10;15;16;17;18;35;36;37;38;39;40;
C	33	CYS	0.0	0.295486274928547	A	32	True	0.0	0.022478026430307253	3.488430107996031	2;3;4;5;6;7;8;9;10;11;15;16;17;18;19;36;37;38;39;40;
S	34	SER	0.04561990428233002	0.9459710986507083	A	33	True	0.08146547342177128	0.0948060103819742	12.848925858654429	0;1;2;3;4;5;6;7;10;17;37;38;39;
T	35	THR	1.2890916171307059	1.3727482679310314	A	34	True	0.9841366930731759	0.5912751811902467	96.2954307737523	0;2;3;6;
R	36	ARG	1.639351812507233	1.4095331214927254	A	35	True	1.0	0.818756180668827	223.53091740170237	3;19;31;
G	37	GLY	0.5458258225587234	1.4520152924410799	A	36	True	0.4217375436791659	0.2819556490235412	28.22717213060966	3;17;18;19;20;30;31;32;
R	38	ARG	0.27175534227413506	0.9255281464865922	A	37	True	0.6336972776117599	0.39853350268646787	108.80474746224013	3;6;7;16;17;18;19;20;21;30;31;32;33;
K	39	LYS	0.5322574543250955	1.6225807247748958	A	38	True	0.4123185345075401	0.276775193979147	68.03222836069507	7;10;15;16;17;18;19;20;21;22;28;29;30;31;32;33;
C	40	CYS	0.0	1.6675399902391899	A	39	True	0.0	0.005040386106378317	0.7822321369685595	6;7;9;10;11;13;14;15;16;17;18;19;21;22;27;28;29;30;31;32;33;
C	41	CYS	0.0	2.012990341217439	A	40	True	0.0	0.0021529593228898597	0.3341240009013137	10;13;14;15;16;17;18;21;22;23;25;26;27;28;29;30;31;32;
R	42	ARG	1.3130200041300026	1.9255946413513187	A	41	True	0.46987099269225935	0.3084290459807426	84.2050774445313	10;11;13;14;15;16;17;18;22;23;25;26;27;28;29;30;
R	43	ARG	2.816472621209252	1.9195694700125647	A	42	True	1.0	0.7119036350479561	194.35880473462063	14;15;16;22;23;24;25;26;27;28;46;
K	44	LYS	1.981552523112817	2.2613048004089196	A	43	True	0.6890846023178717	0.4289965312748294	105.44872017625315	23;24;25;26;27;28;47;
K	45	LYS	2.5218317574733877	2.601306164644117	A	44	True	1.0	0.7247592990737248	178.1481549420786	25;26;27;48;
E	46	GLU	1.7397155564713134	1.9513306574239162	A	45	True	1.0	0.7227752590927526	141.86603874462185	25;49;50;
A	47	ALA	1.8437302469360675	1.8251684283833483	A	46	True	1.0	0.7176420903154332	92.98029273279268	25;42;50;
A	48	ALA	0.6922749507081999	0.7728976352650373	A	47	True	0.8100885885499259	0.4955487237024592	64.20507661829595	43;51;52;
A	49	ALA	0.4836837730769221	0.253752320049577	A	48	True	0.8646568851776443	0.5255612868477043	68.09361234462122	44;52;53;
K	50	LYS	0.028326296062155698	-0.30701337664284417	A	49	True	1.0	0.7435625895321932	182.7700639072996	45;53;
V	51	VAL	0.1560594208257882	-0.11453101070061036	A	50	True	0.9930083461797764	0.596154590398877	106.38927127891128	45;46;
H	52	HIS	0.2092903943574037	0.16762530003112797	A	51	True	1.0	0.7272776824392908	154.29268760717798	47;55;
A	53	ALA	-0.12100091769529206	-0.24678029426827292	A	52	True	1.0	0.6575166926334771	85.19022975768678	47;48;
G	54	GLY	-0.39296752168064175	-0.5132082068755575	A	53	True	0.7986865636285415	0.48927760999569775	48.98260901965029	48;49;
P	55	PRO	0.19751822628619092	0.23696451260594711	A	54	True	1.0	0.8623687483480494	142.56602534502602	
I	56	ILE	0.4889967532292639	0.3981501495376644	A	55	True	1.0	0.7162488276866794	145.92466840921455	51;59;
P	57	PRO	0.347184787623735	0.5004323835601439	A	56	True	0.7164033341188629	0.4440218337653746	73.40528993844133	60;
P	58	PRO	0.08027381740664104	0.1274279515586084	A	57	True	1.0	0.7890133874742964	130.43898310520194	
G	59	GLY	0.3871657999872001	0.45103101093755915	A	58	True	1.0	0.8254626820395766	82.6388025706143	
Q	60	GLN	1.416549456455154	1.4096057686725896	A	59	True	1.0	0.6549138236457132	136.47598540773578	55;
M	61	MET	1.425945869920868	1.410225042301575	A	60	True	1.0	0.8370212127155233	180.7463606737901	56;
R	62	ARG	1.8244456567675926	1.7529017294532556	A	61	True	1.0	0.8409076902442462	229.57856305511436	
E	63	GLU	1.660536448825265	1.8186685888514371	A	62	True	1.0	0.6634457643148468	130.2208692414124	
P	64	PRO	2.3711844072375103	2.292961746198092	A	63	True	1.0	0.7991756802919447	132.11900420775203	67;
R	65	ARG	2.9462276275305417	3.0421325011755216	A	64	True	1.0	0.782110895461396	213.52628548042304	
G	66	GLY	2.9437385649342986	3.0926652293006778	A	65	True	1.0	0.8294258156100895	83.03556019493884	69;
K	67	LYS	2.4868690294776283	3.048084022659827	A	66	True	0.8441179722675662	0.5142648847471614	126.40795431848346	12;70;71;
K	68	LYS	2.5036098201135224	2.1656666058533167	A	67	True	1.0	0.6445110648142658	158.42288216675394	63;71;72;
R	69	ARG	2.214767130164039	2.0592409884397607	A	68	True	1.0	0.7120017497829727	194.38559131314878	72;73;74;
D	70	ASP	2.1819521384375404	2.064320473075169	A	69	True	1.0	0.6101773139411855	101.99662962109461	12;65;73;74;
F	71	PHE	0.946296162205463	1.081561170726422	A	70	True	0.6586125008861329	0.41223687548737303	94.72341823630063	8;12;66;74;75;76;
E	72	GLU	0.3171725081510792	0.1584708566143325	A	71	True	0.5742970350126156	0.3658633692569386	71.81151577240419	66;67;75;76;77;
N	73	ASN	0.38819472126581983	0.08779554473079718	A	72	True	0.6835940142020135	0.42597670781110736	75.51587283062968	67;68;76;77;78;
Y	74	TYR	0.14213906912435223	-0.3939791010350242	A	73	True	0.41425562970992663	0.2778405963404596	68.37465365927235	68;69;77;78;
V	75	VAL	0.2369458942156311	0.07634612241348405	A	74	True	0.5508016372749731	0.35294090050123517	62.98555075073003	68;69;70;78;79;
K	76	LYS	-0.38464190769751805	-0.8396550697871601	A	75	True	0.7268912267940941	0.4497901747367517	110.55986427885273	70;71;79;80;
Q	77	GLN	-0.5375858723342772	-0.8176089285953019	A	76	True	1.0	0.6304922967857854	131.38683959490723	70;71;72;80;
T	78	THR	-0.03148074866475064	-0.2831509570209635	A	77	True	0.7344282358005099	0.45393552969028034	73.92821272667688	71;72;73;81;82;83;
C	79	CYS	0.2129525750513005	0.3299837550319123	A	78	True	0.44818232746147363	0.29650028010381047	46.014738320122646	72;73;74;82;83;84;
N	80	ASN	-0.06271418001952447	-0.20373790121147517	A	79	True	1.0	0.6190108442318388	109.73638543288769	74;75;83;84;
S	81	SER	-0.6127698361396253	-0.7737888345321275	A	80	True	0.9577810656558396	0.5767795861107118	78.17012981416423	75;76;84;85;
S	82	SER	0.1504733458898834	-0.1439436358050423	A	81	True	0.6942323864767916	0.43182781256223535	58.52501887762217	77;85;86;87;
A	83	ALA	0.7389484009207983	0.8122666320543115	A	82	True	0.7162535957446322	0.44393947765954767	57.51839690769057	77;78;86;87;88;95;
V	84	VAL	0.38256261743919656	0.07126084471655939	A	83	True	0.6717039323524495	0.4194371627938472	74.85242052245974	77;78;79;87;88;89;90;
K	85	LYS	0.6550704958924113	0.451361931802147	A	84	True	0.9180947933219301	0.5549521363270615	136.40901095602797	78;79;80;88;89;90;
K	86	LYS	0.9663492377082519	0.811026989131236	A	85	True	0.8608950820792948	0.5234922951436121	128.67608132164432	80;81;89;90;91;95;
V	87	VAL	0.5250765159539993	1.3114317241352433	A	86	True	0.27664828923919754	0.20215655908155863	36.07669780844769	81;82;90;91;92;95;
E	88	GLU	2.2580761683004504	1.9669763097953668	A	87	True	1.0	0.7581722896983056	148.81375375306754	81;82;83;91;
E	89	GLU	1.076964852206867	0.8809253263606257	A	88	True	1.0	0.7138025702238716	140.10488296251341	82;83;84;
K	90	LYS	0.9280337590605254	0.7218777785845227	A	89	True	1.0	0.6433539482081724	158.13845920220305	83;84;85;95;
G	91	GLY	0.8001505119169001	1.4929819467257113	A	90	True	0.4897950723292861	0.3193872897811073	31.97453229329519	83;84;85;86;95;
F	92	PHE	1.7270416588271533	1.4893901596776	A	91	True	1.0	0.6333205718664274	145.523831014953	85;86;87;95;96;110;
N	93	ASN	0.22006140560886006	0.43658023743080365	A	92	True	0.510248582033673	0.3306367201185201	58.614285832450875	86;96;
P	94	PRO	-0.48641611520256867	-0.4262111070378855	A	93	True	1.0	0.6355635766532436	105.07079848509524	97;106;107;
E	95	GLU	-0.10887760647764802	-0.33604174334519443	A	94	True	1.0	0.7342435031575804	144.1170211023686	98;
V	96	VAL	0.23499537212507102	0.01954054870745703	A	95	True	0.7312454147204979	0.4521849780962738	80.69656944307854	82;85;86;89;90;91;
I	97	ILE	-0.15551864390671663	-0.7995854207820351	A	96	True	0.3007993197719447	0.21543962587456955	43.89250600170508	91;92;100;106;
P	98	PRO	-0.769229282500967	-0.9819542578523479	A	97	True	0.929337645495581	0.5611357050225695	92.76644973219666	93;101;
M	99	MET	-1.408901670883011	-1.5979591622502107	A	98	True	1.0	0.7933929718447337	171.32527834015178	94;
F	100	PHE	-0.3816943618615107	-0.5315689303910465	A	99	True	1.0	0.6749825085853683	155.09687333848822	103;104;105;106;
S	101	SER	0.38027498003236143	0.4522284811812647	A	100	True	1.0	0.662298489761636	89.76038709950886	96;104;105;106;
A	102	ALA	-0.01826318872954233	0.13426587942894347	A	101	True	1.0	0.750693717793441	97.26258057470227	97;
K	103	LYS	0.3899725227195252	0.4795991501930712	A	102	True	1.0	0.6662095219444318	163.75643236441158	
K	104	LYS	0.6727386561534087	0.5300997284920888	A	103	True	1.0	0.8895306447731058	218.64947898329268	99;
T	105	THR	0.6562153569362331	0.6453376217456769	A	104	True	1.0	0.6605698312301955	107.58079905604839	99;100;108;109;
S	106	SER	0.31963497975294347	0.5300165967634514	A	105	True	0.6259387805496704	0.3942663293023187	53.434363637482235	99;100;109;110;111;
V	107	VAL	-0.2695871045543652	-0.5275799495641282	A	106	True	0.49819224771801385	0.3240057362449076	57.82180448567721	93;96;99;100;110;111;112;
N	108	ASN	-1.4717888667378902	-1.573162587489404	A	107	True	1.0	0.6987062727318896	123.86455191109118	93;111;112;113;
T	109	THR	-0.3471363468751955	-0.9247849164393003	A	108	True	0.5830921032106717	0.3707006567658694	60.37253138128355	104;112;113;114;
V	110	VAL	-0.12607863101335018	-0.5962009006391934	A	109	True	0.8463665439900407	0.5155015991945223	91.9960029909751	104;105;113;114;115;
V	111	VAL	-0.21712533494526526	-0.641128016277348	A	110	True	0.4313724948042717	0.2872548721423494	51.26327467862596	91;105;106;114;115;116;
R	112	ARG	-0.44380461227152507	-0.2856031631619816	A	111	True	0.8214881257012546	0.50181846913569	137.0028653504483	105;106;107;115;116;117;
D	113	ASP	-0.12467862023665492	0.09688606829577343	A	112	True	0.6801978470981535	0.42410881590398436	70.89360555769412	106;107;108;116;117;118;
F	114	PHE	0.1286968886161579	0.20590721659456485	A	113	True	0.8406218280817191	0.5123420054449455	117.72548490333467	107;108;109;117;118;119;
E	115	GLU	0.21408955138561908	0.20528794296558053	A	114	True	0.7386453708971146	0.456254953993413	89.5535398678455	108;109;110;118;119;120;
N	116	ASN	0.09078393113569412	0.08779554473079718	A	115	True	0.5536934754738878	0.3545314115106383	62.85026503837142	109;110;111;119;120;121;
Y	117	TYR	-0.08693220364289816	-0.3694558653272277	A	116	True	0.8389009975287314	0.5113955486408022	125.85091589121578	110;111;112;120;121;122;
V	118	VAL	0.4755073598258501	0.7762930959416442	A	117	True	0.41330848897787564	0.27731966893783155	49.49024626291027	111;112;113;121;122;123;
K	119	LYS	0.8851104086860281	0.8397868600501828	A	118	True	0.744797456798918	0.4596386012394048	112.98063902816968	112;113;114;122;123;
Q	120	GLN	0.7274530786148627	0.6515994520169955	A	119	True	0.9442987035698716	0.5693642869634293	118.64851422244902	113;114;115;123;124;
K	121	LYS	0.8994584654080653	1.0440354884331493	A	120	True	0.8783578642144533	0.5330968253179492	131.03690557299294	114;115;116;124;
K	122	LYS	1.5134855102387845	1.6935111925292197	A	121	True	1.0	0.6576726971221588	161.65805350525744	115;116;117;
H	123	HIS	1.3728999507026898	1.4171749018581807	A	122	True	1.0	0.7467270999095316	158.41890097290704	116;117;118;
A	124	ALA	0.8536600532633479	0.8700188109902497	A	123	True	1.0	0.6085995367251873	78.85234693644747	117;118;119;
G	125	GLY	0.38827441563660015	0.5598701801766408	A	124	True	0.6869030849150474	0.42779669670327597	42.827625680028035	119;120;
P	126	PRO	0.22752685022214192	0.27139612637749916	A	125	True	1.0	0.8442342876480824	139.5680526231221	
I	127	ILE	0.45536826164563465	0.4159852300524258	A	126	True	1.0	0.7953838518203765	162.0472108970837	130;
P	128	PRO	0.315803920583548	0.5058819914952104	A	127	True	0.6909400914298682	0.43001705028642745	71.09003173800693	
P	129	PRO	0.07032344494146181	0.1274279515586084	A	128	True	1.0	0.7828080622514425	129.41312432415245	
G	130	GLY	0.3632222393757856	0.45103101093755915	A	129	True	1.0	0.653692206098519	65.44249950615554	
Q	131	GLN	1.3849782439617189	1.4096057686725896	A	130	True	1.0	0.6825987088500738	142.2451749602365	126;
M	132	MET	1.37915851869107	1.4047754343665084	A	131	True	1.0	0.7974431130094467	172.19986582325993	
R	133	ARG	1.7431871979841833	1.7296170410034288	A	132	True	1.0	0.7998551432699106	218.37069225851945	
E	134	GLU	1.7200805130628924	1.7609522866300582	A	133	True	1.0	0.7659488900031113	150.34014175025467	
P	135	PRO	1.7283966525334233	1.8120866225390855	A	134	True	1.0	0.7942357854700361	131.30234524169944	
R	136	ARG	2.389959144040837	2.36560304493163	A	135	True	1.0	0.8066438020405069	220.2240829977245	
G	137	GLY	2.0559043629039206	2.0964079481678954	A	136	True	1.0	0.7797056333951587	78.05796834101947	
S	138	SER	1.666601960677194	1.7346313053054636	A	137	True	1.0	0.976836120413718	185.90011913814203	
